30
6
5 2 4 6 3 1
6
2 4 8 16 32 64
3
1 1 1
3
200000 200000 200000
200
89586 474 62568 18723 27729 22041 48822 75129 124362 658 86856 25991 38493 30597 67774 104293 134946 714 94248 28203 41769 33201 73542 113169 103950 550 72600 21725 32175 25575 56650 87175 73710 390 51480 15405 22815 18135 40170 61815 80892 428 56496 16906 25038 19902 44084 67838 81648 432 57024 17064 25272 20088 44496 68472 16254 86 11352 3397 5031 3999 8858 13631 237 329 357 275 195 214 216 43 378 2 264 79 117 93 206 317 22208 16239 44707 64937 4242 152503 189122 101873 153810 83739 16017 43379 11365 6423 143869 84258 22384 129824 40808 81581 112869 70669 179343 110931 53856 104697 44791 170795 76194 64995 69099 24337 137604 36880 157458 6859 182107 117407 66467 128648 194876 112767 93563 8461 76332 131599 193953 168268 119861 192894 62511 131843 105189 198699 24495 118047 193533 115172 159955 107418 89285 17120 47446 22549 79352 74167 191447 71538 146322 163994 43671 42986 129429 186120 171904 190588 67978 9480 146762 57048 136545 61332 30703 35296 186660 139684 87494 159492 187716 133786 149555 177781 112870 124139 5133 11797 150808 97310 28660 161152 99806 48781 47479 97022 174394 188825 37521 101897 151408 37292 123252 72171 43512 3823 122132 114667 49541 121495 141417 22611
200
0 0 0 0 0 0 0 0 0 0 0 0 0 0 0 0 0 0 0 0 0 0 0 0 0 0 0 0 0 0 0 0 0 0 0 0 0 0 0 0 0 0 0 0 0 0 0 0 0 0 0 0 0 0 0 0 0 0 0 0 0 0 0 0 0 0 0 0 0 0 0 0 0 0 0 0 0 0 0 0 0 0 0 0 0 0 0 0 0 0 0 0 0 0 0 0 0 0 0 0 135719 147402 12011 16625 187377 20487 75697 39845 16476 162733 69273 187493 71772 103391 95104 134500 17723 167797 149260 53652 14241 176363 79290 125000 15485 73022 169044 119377 71974 26308 7073 125335 3436 24718 157846 145608 10310 165998 191806 58689 133596 106199 37485 32499 162714 126835 106432 156307 168572 36404 17081 192533 3099 190514 78141 8551 102549 46234 117158 183814 118658 139321 118149 174571 69317 34067 102526 37048 76108 136549 24865 102430 114264 49039 69078 8246 185905 68761 106424 129494 40804 168203 164643 107402 126161 7791 13304 198446 124350 14065 88328 119721 195901 127378 144251 159929 37270 32757 192089 83862
200
95213 155229 101478 119290 43572 36151 58140 148733 20177 125288 148169 76303 12337 124932 132829 140244 156322 44812 8557 104500 66871 169590 120515 102481 24458 84443 85653 42600 162852 191355 6152 192026 55223 194168 72941 142070 80319 185523 1564 87376 27974 151483 57411 47400 121505 105259 195515 119726 167872 144771 169854 736 166508 152681 197877 101217 96933 181547 32747 108541 175138 101776 141951 24370 158611 178761 81558 81376 97123 72083 34017 70453 94446 158781 153133 194044 122791 180912 159801 3370 61545 78413 101021 141132 74642 191940 146315 77201 81663 36171 159482 42363 90872 132870 141399 116182 44062 62996 105013 191380 167374 30009 55439 47098 169024 18642 166466 78458 44380 178089 47016 184383 53221 120157 167810 97017 68992 85080 54989 110756 88602 35106 36752 149952 146514 157936 180989 1767 122870 94394 192303 193395 5547 165418 172856 171855 11118 103494 168563 123782 61050 29152 126940 10645 88536 18483 83862 168456 48803 165877 156952 144072 97198 115174 7388 111423 18573 122242 30443 42177 169579 135468 192028 148450 91992 126234 74594 130920 185862 55170 185479 70304 29039 147190 15586 67670 96471 55867 43728 136609 155996 151259 22757 181411 72725 134919 60024 52323 187718 46626 39285 91827 63683 18170 16927 29599 148975 136825 107499 29216
200
93132 165369 91120 120315 33007 151803 69764 77877 14434 194621 100561 143243 25686 104811 63056 190802 184624 89726 141083 138504 115121 145758 109771 17855 174516 127607 110386 6402 46231 114423 190188 66878 21826 77961 13105 166292 46983 72273 28695 151833 182041 198869 4684 83531 187653 123611 188819 7812 138858 52304 189488 10293 148490 146952 119249 94541 170705 163849 116532 150043 108253 166313 140093 107253 121267 80962 180742 148805 107234 13464 119433 13549 27060 91368 35197 88385 9796 119111 92463 36726 104396 85818 47954 102291 57886 170986 165579 107477 127298 14127 21013 119120 10198 156791 42666 141087 109776 72592 163403 168678 81153 196975 46472 70312 13666 139086 129101 46866 44490 123560 135870 13449 58130 190022 35568 50282 157227 89827 32760 39100 100639 4083 109598 160921 34633 175758 169544 93713 145633 26686 167069 40564 193613 193228 122823 138878 73268 166243 41421 118731 38089 48937 43028 157953 26198 29433 172292 107341 17463 85611 149035 125341 77419 30793 53730 143643 191182 141155 185682 113970 12470 50647 166609 133600 33628 85499 138622 32785 78804 88428 3001 26853 173453 112256 64996 173357 3604 50535 95207 90869 152479 111397 162419 133140 37276 115171 48515 41953 132018 73671 115883 87720 39310 30911 93244 143289 66701 32231 70864 110104
200
38048 45264 106272 68552 123328 28208 62320 42312 125952 52480 73800 28884 34362 80676 52041 93624 21414 47310 32121 95616 39840 56025 8700 10350 24300 15675 28200 6450 14250 9675 28800 12000 16875 2204 2622 6156 3971 7144 1634 3610 2451 7296 3040 4275 464 552 1296 836 1504 344 760 516 1536 640 900 36192 43056 101088 65208 117312 26832 59280 40248 119808 49920 70200 30740 36570 85860 55385 99640 22790 50350 34185 101760 42400 59625 46400 55200 129600 83600 150400 34400 76000 51600 153600 64000 90000 37352 44436 104328 67298 121072 27692 61180 41538 123648 51520 72450 43036 51198 120204 77539 139496 31906 70490 47859 142464 59360 83475 6728 8004 18792 12122 21808 4988 11020 7482 22272 9280 13050 328 249 75 19 4 312 265 400 322 371 58 116 138 324 209 376 86 190 129 384 160 225 73573 57204 57326 51645 160605 62566 143634 33262 157748 52555 29174 98099 97589 113718 76942 4221 179829 117188 76106 187709 147182 22509 115353 198886 159098 43501 190826 39180 158851 129620 150676 86609 150257 193899 130286 14231 90185 190024 149978 199449 149952 197823 23822 54524 151529 6445 61326 39599 159523 149389 29063 166365 2656 167755 128483 92941 48459
3
65537 65537 131073
200
33012 110628 67788 31248 28728 74844 23184 69048 32226 107994 66174 30504 28044 73062 22632 67404 41396 138724 85004 39184 36024 93852 29072 86584 16113 53997 33087 15252 14022 36531 11316 33702 42444 142236 87156 40176 36936 96228 29808 88776 13886 46534 28514 13144 12084 31482 9752 29044 27379 91751 56221 25916 23826 62073 19228 57266 13493 45217 27707 12772 11742 30591 9476 28222 252 246 316 123 324 106 209 103 131 439 269 124 114 297 92 274 163459 15738 82761 56833 191172 127672 83465 3245 48128 165507 51918 81781 6336 174497 130841 90012 69978 132294 174536 40943 19701 104600 87943 97263 6203 85464 47963 137795 131176 114924 186494 162407 123081 176877 162387 145659 199126 81137 32533 91597 138561 186576 75796 55678 32178 154693 136936 30401 108199 73321 146535 170491 19058 24880 135596 18165 35660 146432 66401 62729 44000 71262 654 43597 134911 169665 113917 89630 153767 27472 155156 95671 141199 149699 191778 107007 102771 75091 93362 143267 105504 7292 31190 155484 9095 100285 190309 165763 103465 176245 146820 144675 16145 28442 169778 119048 11437 140519 127268 88656 90470 63896 14455 186356 32856 154499 175495 20031 139807 113144 26558 177933 158227 105953 10859 184280 42688 98103 67201 178164
200
1 1 1 1 1 1 1 1 1 1 1 1 1 1 1 1 1 1 1 1 1 1 1 1 1 1 1 1 1 1 1 1 1 1 1 1 1 1 1 1 1 1 1 1 1 1 1 1 1 1 1 1 1 1 1 1 1 1 1 1 1 1 1 1 1 1 1 1 1 1 1 1 1 1 1 1 1 1 1 1 1 1 1 1 1 1 1 1 1 1 1 1 1 1 1 1 1 1 1 1 1 1 1 1 1 1 1 1 1 1 1 1 1 1 1 1 1 1 1 1 1 1 1 1 1 1 1 1 1 1 1 1 1 1 1 1 1 1 1 1 1 1 1 1 1 1 1 1 1 1 1 1 1 1 1 1 1 1 1 1 1 1 1 1 1 1 1 1 1 1 1 1 1 1 1 1 1 1 1 1 1 1 1 1 1 1 1 1 1 1 1 1 1 1 1 1 1 1 1 1
200
5355 101471 111011 44149 90902 169849 153649 83957 88612 28952 92576 13058 77009 4996 21700 18084 34015 26781 15701 33634 134076 147424 194424 136051 56003 5680 135875 61130 55877 139689 85989 104812 98494 97319 54223 144071 128495 185277 196373 71851 139390 56355 48854 10739 45669 102679 113229 34200 128998 139120 46176 19280 134982 12464 54065 199700 40278 137321 161737 21663 127668 148334 129468 115175 28557 139043 139835 145497 190438 29923 84302 107372 161055 126236 36443 4104 42581 7786 135272 91987 173879 76407 190668 157889 198392 137012 115824 176870 120707 184266 79007 171883 160635 178671 109210 194378 85971 49108 96393 95026 127929 178305 57682 186341 18730 135892 152115 164080 199466 195626 111576 150799 6316 22955 92784 187135 185053 135652 52688 193074 70926 96263 194175 15195 80955 89082 94142 155146 1474 87409 193367 161095 86218 120175 34098 54903 183563 81919 121417 84625 29171 16301 181895 54632 171376 128556 141680 73002 182803 110575 193872 7671 96592 186685 119899 26282 84246 113076 196875 86468 146550 141023 134996 151727 74354 158109 148489 24976 186052 164047 147271 109953 147235 38407 170666 116858 7495 125966 162388 137652 99077 4717 23091 102647 36978 144548 137943 95326 98044 8939 9845 113924 48419 189647 3586 13102 171860 26053 109905 163283
200
200000 200000 200000 200000 200000 200000 200000 200000 200000 200000 200000 200000 200000 200000 200000 200000 200000 200000 200000 200000 200000 200000 200000 200000 200000 200000 200000 200000 200000 200000 200000 200000 200000 200000 200000 200000 200000 200000 200000 200000 200000 200000 200000 200000 200000 200000 200000 200000 200000 200000 200000 200000 200000 200000 200000 200000 200000 200000 200000 200000 200000 200000 200000 200000 200000 200000 200000 200000 200000 200000 200000 200000 200000 200000 200000 200000 200000 200000 200000 200000 200000 200000 200000 200000 200000 200000 200000 200000 200000 200000 200000 200000 200000 200000 200000 200000 200000 200000 200000 200000 200000 200000 200000 200000 200000 200000 200000 200000 200000 200000 200000 200000 200000 200000 200000 200000 200000 200000 200000 200000 200000 200000 200000 200000 200000 200000 200000 200000 200000 200000 200000 200000 200000 200000 200000 200000 200000 200000 200000 200000 200000 200000 200000 200000 200000 200000 200000 200000 200000 200000 200000 200000 200000 200000 200000 200000 200000 200000 200000 200000 200000 200000 200000 200000 200000 200000 200000 200000 200000 200000 200000 200000 200000 200000 200000 200000 200000 200000 200000 200000 200000 200000 200000 200000 200000 200000 200000 200000 200000 200000 200000 200000 200000 200000 200000 200000 200000 200000 200000 200000
200
2067 141195 183332 165157 1476 118143 123249 113765 42738 137315 77250 104928 14282 161303 7513 14067 88037 158833 117090 169703 162256 74327 91076 192628 30643 88332 29214 115320 92096 87344 133294 103658 119670 136022 152670 19271 146019 143075 181268 65406 151323 113350 31226 199297 81011 43570 85250 197420 33053 168165 86856 103066 58229 7962 82935 179934 175521 153874 121753 65812 151471 144075 41931 153398 101107 145486 82316 102171 69776 129010 14639 154038 73100 155976 188705 4841 91081 143564 136552 129524 155654 195850 159009 145404 152446 100178 50140 109934 137494 168889 64177 175271 28915 9199 5981 36997 126991 162258 134993 71461 143198 77967 168510 81158 29264 28812 52944 176312 16649 40606 108755 197821 80500 19777 152816 37416 17166 62603 99998 95964 111517 95585 59797 177334 24777 56372 19728 153315 5906 145111 43546 8700 82019 151466 67644 139585 53567 132465 24607 175046 27609 179239 103139 22755 65391 159654 84349 197595 12796 167113 118668 183851 79195 76117 39594 185028 141116 2531 136458 181976 42349 77075 79222 13800 92949 15620 199767 165715 121453 208 162768 4863 137474 42839 83304 51585 108888 142852 99303 95625 65111 82164 105112 17594 107619 64668 29946 155136 154759 188530 63134 183275 79972 52672 167306 138768 61831 171925 34812 114731
200
0 0 0 0 0 0 0 0 0 0 0 0 0 0 0 0 0 0 0 0 0 0 0 0 0 0 0 0 0 0 0 0 0 0 0 0 0 0 0 0 0 0 0 0 0 0 0 0 0 0 0 0 0 0 0 0 0 0 0 0 0 0 0 0 0 0 0 0 0 0 0 0 0 0 0 0 0 0 0 0 0 0 0 0 0 0 0 0 0 0 0 0 0 0 0 0 0 0 0 0 0 0 0 0 0 0 0 0 0 0 0 0 0 0 0 0 0 0 0 0 0 0 0 0 0 0 0 0 0 0 0 0 0 0 0 0 0 0 0 0 0 0 0 0 0 0 0 0 0 0 0 0 0 0 0 0 0 0 0 0 0 0 0 0 0 0 0 0 0 0 0 0 0 0 0 0 0 0 0 0 0 0 0 0 0 0 0 0 0 0 0 0 0 0 0 0 0 0 0 0
200
65537 131073 131073 65537 65537 131073 65537 131073 65537 65537 131073 65537 131073 65537 65537 65537 65537 65537 65537 65537 131073 131073 65537 65537 65537 131073 65537 131073 65537 131073 131073 65537 65537 131073 65537 65537 131073 131073 131073 65537 131073 131073 131073 131073 65537 131073 131073 131073 131073 65537 65537 65537 65537 131073 65537 65537 131073 131073 65537 65537 65537 65537 131073 65537 65537 131073 131073 131073 131073 131073 131073 131073 65537 65537 65537 131073 131073 131073 131073 131073 131073 65537 65537 65537 65537 65537 131073 65537 65537 65537 65537 131073 131073 131073 65537 131073 65537 65537 131073 131073 65537 65537 131073 131073 65537 131073 65537 65537 65537 131073 65537 65537 65537 65537 65537 65537 65537 131073 65537 65537 65537 65537 65537 65537 65537 131073 65537 131073 131073 131073 131073 131073 131073 131073 131073 65537 131073 131073 131073 131073 131073 65537 131073 65537 65537 131073 131073 65537 65537 131073 65537 131073 131073 131073 65537 131073 131073 65537 65537 131073 65537 131073 65537 131073 65537 131073 131073 65537 131073 65537 65537 65537 131073 131073 131073 131073 131073 65537 131073 65537 131073 65537 65537 65537 65537 65537 131073 131073 131073 65537 65537 131073 131073 65537 65537 131073 65537 131073 131073 65537
200
3492 144724 170332 64796 106312 79540 1552 116012 93120 49664 531 22007 25901 9853 16166 12095 236 17641 14160 7552 2664 110408 129944 49432 81104 60680 1184 88504 71040 37888 3528 146216 172088 65464 107408 80360 1568 117208 94080 50176 1233 51101 60143 22879 37538 28085 548 40963 32880 17536 1431 59307 69801 26553 43566 32595 636 47541 38160 20352 387 16039 18877 7181 11782 8815 172 12857 10320 5504 3078 127566 150138 57114 93708 70110 1368 102258 82080 43776 3834 158898 187014 71142 116724 87330 1704 127374 102240 54528 2799 116003 136529 51937 85214 63755 1244 92989 74640 39808 388 59 296 392 137 159 43 342 426 311 9 373 439 167 274 205 4 299 240 128 78222 159597 175533 181004 37909 103912 85504 42972 155932 170132 183735 108261 61771 191087 174924 66687 187710 146179 190747 192553 116073 89538 945 35325 14188 154308 187392 44717 112327 117947 15356 32749 158132 182781 101232 169662 110892 98948 58627 55189 166792 15215 124021 199869 152693 52368 13671 52466 193456 70261 77311 154756 164419 192526 6837 41953 198627 160455 159311 88129 187866 124079 2707 127993 41834 20399 193269 83914 3738 88817 185957 7084 78567 78459 12942 73638 133690 34485 144422 51805
200
6032 21924 49300 29812 36888 38164 36656 35264 2088 5104 17400 31088 44892 13208 48006 107950 65278 80772 83566 80264 77216 4572 11176 38100 68072 98298 5148 18711 42075 25443 31482 32571 31284 30096 1782 4356 14850 26532 38313 16484 59913 134725 81469 100806 104293 100172 96368 5706 13948 47550 84956 122679 19656 71442 160650 97146 120204 124362 119448 114912 6804 16632 56700 101304 146286 16900 61425 138125 83525 103350 106925 102700 98800 5850 14300 48750 87100 125775 6136 22302 50150 30326 37524 38822 37288 35872 2124 5192 17700 31624 45666 16016 58212 130900 79156 97944 101332 97328 93632 5544 13552 46200 82544 119196 4420 16065 36125 21845 27030 27965 26860 25840 1530 3740 12750 22780 32895 21580 78435 176375 106655 131970 136535 131140 126160 7470 18260 62250 111220 160605 5616 20412 45900 27756 34344 35532 34128 32832 1944 4752 16200 28944 41796 5148 18711 42075 25443 31482 32571 31284 30096 1782 4356 14850 26532 38313 7748 28161 63325 38293 47382 49021 47084 45296 2682 6556 22350 39932 57663 116 254 99 317 378 325 118 308 85 415 108 99 149 52 189 425 257 318 329 316 304 18 44 150 268 387 102920 96081 136294 177108 51995
200
41888 60896 68288 93984 151008 58432 55616 140448 97152 20416 123552 63008 81312 4522 6574 7372 10146 16302 6308 6004 15162 10488 2204 13338 6802 8778 28203 41001 45978 63279 101673 39342 37446 94563 65412 13746 83187 42423 54747 44625 64875 72750 100125 160875 62250 59250 149625 103500 21750 131625 67125 86625 26656 38752 43456 59808 96096 37184 35392 89376 61824 12992 78624 40096 51744 48552 70584 79152 108936 175032 67728 64464 162792 112608 23664 143208 73032 94248 27489 39963 44814 61677 99099 38346 36498 92169 63756 13398 81081 41349 53361 46172 67124 75272 103596 166452 64408 61304 154812 107088 22504 136188 69452 89628 12614 18338 20564 28302 45474 17596 16748 42294 29256 6148 37206 18974 24486 51408 74736 83808 115344 185328 71712 68256 172368 119232 25056 151632 77328 99792 52717 76639 85942 118281 190047 73538 69994 176757 122268 25694 155493 79297 102333 15113 21971 24638 33909 54483 21082 20066 50673 35052 7366 44577 22733 29337 24038 34946 39188 53934 86658 33532 31916 80598 55752 11716 70902 36158 46662 352 38 237 375 224 408 231 388 106 432 443 127 202 119 173 194 267 429 166 158 399 276 58 351 179 231 169137 31359 57967 119940 162786
200
56048 5424 38646 56726 7006 65314 49268 8362 14238 42714 110608 10704 76266 111946 13826 128894 97228 16502 28098 84294 32736 3168 22572 33132 4092 38148 28776 4884 8316 24948 80104 7752 55233 81073 10013 93347 70414 11951 20349 61047 16616 1608 11457 16817 2077 19363 14606 2479 4221 12663 77128 7464 53181 78061 9641 89879 67798 11507 19593 58779 63488 6144 43776 64256 7936 73984 55808 9472 16128 48384 109864 10632 75753 111193 13733 128027 96574 16391 27909 83727 47368 4584 32661 47941 5921 55199 41638 7067 12033 36099 102176 9888 70452 103412 12772 119068 89816 15244 25956 77868 226 446 132 323 67 311 256 443 191 412 248 24 171 251 31 289 218 37 63 189 123032 8983 112751 59234 95872 98558 167625 198167 120097 18242 192575 166069 186934 161971 90121 46144 89022 90998 64030 191969 11863 48297 172861 172800 170889 65788 141852 88234 105989 91450 167274 147344 138231 81914 85216 28293 128008 45679 15891 181834 187422 30789 6102 22072 113021 20842 3887 69264 17402 147824 152613 20653 104290 116086 195249 54079 61357 71322 48696 31790 57448 5332 12982 144764 13433 119695 31400 172684 57792 56261 159622 190792 63447 165438 193626 71372 168987 142510 125882 5320
200
87378 65085 11112 40125 12846 147194 17272 173688 151247 123651 151141 101130 95872 23358 174281 46194 127503 49684 34718 102434 162033 65 181920 75466 56650 184661 177490 130849 57384 45239 93253 38465 86554 75234 121320 105387 119794 24823 72453 172654 171087 92396 127976 95631 23714 103254 163082 104684 133187 69597 20578 57179 22845 185702 450 125793 155079 54161 158553 185492 93322 26431 165174 174414 129401 194279 39505 154973 109519 72943 30688 55564 56683 31528 5152 167411 101465 51317 155367 43466 14890 22069 175223 102967 109710 106966 78560 80978 31302 186305 165077 107446 65359 178099 143410 24933 153840 146200 144451 19363 24678 73283 67565 31954 103701 60637 183260 133363 193289 84853 38592 87408 126049 176071 43683 116727 157007 86641 172699 185252 139973 184542 19179 20931 192468 91902 109335 121123 24352 148335 134658 177870 199109 191839 154859 5307 120020 105422 49777 58634 168793 146322 164 193000 175715 22733 146597 148364 68505 196394 157451 47843 101686 196883 68996 56685 189361 58021 93729 107500 3662 189964 151398 169879 192844 151716 3554 184864 94552 155251 1698 123460 57067 29 72753 141957 198378 142097 105160 6679 32692 83097 50259 130918 90022 137073 129816 28245 177673 6631 111319 198445 106371 108474 39373 197505 146266 47868 173510 88981
200
34043 120141 116353 86666 170914 128184 121121 23059 20851 77177 12924 75640 135405 141766 126104 22380 43247 141555 96313 183074 127357 75259 130160 128996 186240 37617 176000 118902 173670 192867 29499 127672 186336 110557 28958 25689 39262 87607 14245 71208 66687 146810 115053 15088 193373 134147 159078 79056 60827 5653 96719 128258 90360 107685 81457 166158 82119 3462 187160 31591 173975 196984 38008 101089 68880 62557 191331 176032 49330 154701 52196 73137 150509 119624 120873 125935 133935 58471 145507 26354 127861 8736 125588 197131 163591 174310 100696 199923 165871 26153 127142 108975 195038 74884 54157 144168 40770 126578 40805 122255 188836 115455 146352 189140 117193 168961 147980 55218 192173 157260 53800 192464 30912 114350 142474 169087 113092 104722 8501 88246 75318 48173 96098 97324 182121 49151 21415 37861 353 62968 104001 104783 176454 87747 173301 2991 16564 29456 102197 166163 104412 183135 67297 186009 195871 105634 157477 169475 71682 162478 39256 83631 54623 60944 188038 28898 114816 141569 170839 123465 136513 140314 57961 137997 106000 14503 78298 81325 117800 142526 62750 35452 75949 53077 67281 29304 58697 35457 150666 194729 81282 196075 89335 47007 187909 149695 96521 119748 189819 105544 146618 72098 76430 118141 7266 172539 19554 125453 172450 157953
200
0 0 0 0 0 0 0 0 0 0 0 0 0 0 0 0 0 0 0 0 0 0 0 0 0 0 0 0 0 0 0 0 0 0 0 0 0 0 0 0 0 0 0 0 0 0 0 0 0 0 0 0 0 0 0 0 0 0 0 0 0 0 0 0 0 0 0 0 0 0 0 0 0 0 0 0 0 0 0 0 0 0 0 0 0 0 0 0 0 0 0 0 0 0 0 0 0 0 0 0 47167 97191 190024 86067 106720 50181 163867 40298 140054 113886 112974 17778 74935 25006 147641 172502 41806 116474 11640 180154 167615 109084 17693 152665 49340 104133 141567 26314 30154 12642 147882 52793 57883 104461 184874 12348 17729 176651 94429 11119 160499 113418 92576 55421 133 42673 33003 179057 65082 54611 94391 69986 79067 153961 108978 24258 102250 163144 65351 56706 34886 188139 11095 123230 94840 178262 67249 188780 10789 128891 42923 154532 120081 140487 92871 108030 181370 45455 150387 1012 170655 191257 54654 149880 52800 22825 199804 189166 50165 153185 87726 107217 836 180681 181552 40732 72281 151730 107982 55351
200
170335 10276 123349 105512 172568 158098 157053 48558 75836 56573 90630 26641 57520 89256 143456 121716 172935 28772 7317 149506 95587 167380 195014 96508 84506 82706 151801 109549 169615 99929 105500 98837 87851 198630 175633 3069 63586 31548 177176 120953 169036 64731 136747 133914 60926 135748 18260 65687 134480 191690 10224 173893 149592 135909 628 187520 164748 122574 165036 59464 19152 57715 173004 52095 190907 16408 51628 122354 148152 66571 74028 24152 32158 119905 155045 14608 15981 35645 381 66509 187638 59919 155700 183676 44341 98366 42434 124200 81236 118904 1054 167819 197702 165805 171155 173055 159485 132035 32892 154696 56243 102569 146016 172233 147238 36145 181424 84755 133123 86271 15396 118731 121260 32390 53226 178324 111086 852 3482 28724 54572 2920 190228 155546 120901 180061 20173 56926 164881 971 87955 11822 165694 182389 85290 35393 59729 134915 3358 49658 78169 61781 159704 71085 168179 57426 186547 60181 180794 194005 163074 158064 1759 117965 27856 160198 128613 167725 149581 172915 125485 132423 107911 9593 4165 30276 101112 77070 117323 156161 144081 76743 97249 197150 124751 158972 62107 36729 90341 5129 7569 195473 47175 139883 161473 123944 36581 89302 85396 59075 3202 36063 65815 172355 91626 180248 47629 28450 89933 82460
200
112342 190182 511 83439 53086 10859 6318 7191 130944 193285 77341 10366 43491 173970 139048 44304 178516 73806 13008 41151 123509 79301 183523 2803 22743 70947 48550 123007 91442 190995 66 125824 191309 161798 136152 88999 129999 189405 163551 83837 180434 186925 88657 39419 168006 9246 32863 68793 65118 137976 80872 188729 171470 27319 100504 74572 151388 57395 38829 91462 6149 178134 12064 132199 120907 33343 21641 183037 4736 35326 140718 106786 123348 136116 113641 60552 54372 37918 117570 47221 41146 143898 191356 132113 27880 162674 33362 51296 163889 37085 53646 14322 159133 99202 1380 66092 9350 181197 164789 89420 157328 154079 189592 42648 61510 43202 38321 23522 108802 50026 26250 12679 105614 54743 137741 21206 163490 167152 189688 81864 198856 139515 32891 113146 91124 63525 150247 32693 111371 105715 18003 41310 152798 14291 55899 166439 105782 123880 128896 8781 107596 89638 177297 103319 195275 27158 193722 29424 90694 131604 159437 10862 169093 176192 183904 32065 20755 141161 173798 10175 149696 81288 191819 142108 28497 103072 64186 173671 38436 131688 19512 140083 153314 34410 166651 195418 164732 52658 124865 170149 65509 196589 9963 1399 2943 193406 35610 102092 82435 159862 92789 105329 139102 140321 62897 77265 25491 175120 68106 158900
200
1 0 0 1 1 0 0 0 1 1 0 1 1 1 0 1 1 0 0 1 0 1 0 0 1 0 1 0 1 1 1 0 0 1 1 0 1 1 0 1 0 0 1 1 0 1 0 1 0 0 0 0 0 1 0 0 1 1 0 1 1 1 0 0 1 0 0 0 1 1 1 0 1 0 1 0 1 1 0 0 0 0 0 1 1 0 0 0 1 0 1 0 1 0 1 0 0 1 1 0 1 1 0 1 0 1 1 1 1 0 1 1 1 1 1 0 0 0 1 1 0 0 0 0 0 1 0 0 0 1 1 0 1 1 0 0 1 0 1 1 0 1 0 1 1 0 0 1 1 1 1 0 1 0 1 0 0 1 0 0 1 1 1 0 1 0 0 1 0 1 0 1 1 0 0 0 0 0 0 0 0 1 0 1 1 0 0 0 1 0 1 0 1 1 1 1 1 1 1 0
200
0 1 1 1 0 0 0 0 1 1 1 0 0 1 1 0 0 1 0 0 1 0 1 1 0 0 0 0 1 0 1 0 1 1 1 0 1 1 0 0 1 0 1 0 1 1 1 1 1 0 0 0 0 0 0 1 0 0 1 0 1 1 0 1 1 1 1 0 1 1 0 1 0 1 0 0 0 1 1 1 1 0 0 0 1 1 0 1 1 0 0 1 1 0 0 1 1 0 1 0 0 1 0 0 0 1 0 1 1 1 1 1 0 1 0 0 0 0 0 1 1 0 0 1 1 0 0 1 1 1 1 0 0 1 1 1 0 0 1 1 1 1 0 1 1 1 0 0 0 1 0 0 0 1 0 0 0 0 0 1 1 0 1 1 1 0 0 0 1 0 0 1 1 0 1 1 0 0 0 0 1 0 0 0 1 0 1 1 0 1 0 0 1 1 1 1 0 0 1 0
200
160358 92796 80179 173789 61457 11396 157916 83435 73260 86691 129019 104192 176118 101916 88059 190869 67497 12516 173436 91635 80460 95211 141699 114432 102834 59508 51417 111447 39411 7308 101268 53505 46980 55593 82737 66816 39794 23028 19897 43127 15251 2828 39188 20705 18180 21513 32017 25856 788 456 394 854 302 56 776 410 360 426 634 512 20488 11856 10244 22204 7852 1456 20176 10660 9360 11076 16484 13312 34278 19836 17139 37149 13137 2436 33756 17835 15660 18531 27579 22272 103622 59964 51811 112301 39713 7364 102044 53915 47340 56019 83371 67328 93772 54264 46886 101626 35938 6664 92344 48790 42840 50694 75446 60928 39794 23028 19897 43127 15251 2828 39188 20705 18180 21513 32017 25856 142234 82308 71117 154147 54511 10108 140068 74005 64980 76893 114437 92416 147750 85500 73875 160125 56625 10500 145500 76875 67500 79875 118875 96000 407 447 261 101 2 52 87 263 238 101 361 375 394 228 197 427 151 28 388 205 180 213 317 256 120315 166522 23616 138519 169166 185946 112871 138641 57687 37818 42099 31279 127541 97677 120071 134224 134731 104974 31718 192341 93054 162068 8574 26146 140739 52955 106429 176497 145389 102757 102812 52869
200
173986 51399 132566 135727 155531 13473 78931 72407 22666 171905 71399 62029 109992 139463 81531 109192 141420 1921 47956 81112 6530 183537 54934 25047 90341 190338 67855 69949 36220 132089 55298 66101 105713 86834 138232 16333 51576 148084 174498 194259 16987 28548 87826 44018 75519 25236 79212 67037 22336 57880 73135 191619 11367 188176 141008 116030 70525 90737 20816 38550 3567 86206 105523 82496 180786 138724 170463 174892 87721 42125 1153 189552 178355 131259 148227 61934 14916 66521 40503 25622 71132 8119 65610 132822 46318 190493 139436 109091 126001 129520 51720 57595 125889 116030 52858 146763 186748 174327 95617 150331 140513 1079 132536 57249 22837 168002 135442 83420 83004 134342 146939 179371 12349 197655 107250 182082 89350 5795 172122 19194 70983 48133 164979 81717 156024 30903 25680 76287 135279 117558 74076 141265 128023 107432 40390 176467 4611 28598 124300 37509 82783 79002 118652 55246 130455 67613 40462 46055 15858 122193 161147 29769 195880 38889 79580 138504 128808 157847 194153 128496 143741 3456 53864 22375 55015 3808 137822 90956 153962 40679 33263 66946 151361 103174 103814 72139 62364 188421 186590 167092 191739 98365 104251 35032 76884 95117 25952 103332 60169 164724 42204 50121 86153 179549 13178 31328 105422 173760 32092 144828
